n=100000;
m=20;
nz=n*m;

full=8*n*n/1024/1024
naive=(2*nz*4+nz*8)/1024/1024
csr=(nz*8+4*(nz+n+1))/1024/1024

