M = [10e-14 1 0; 1 0 0; 0 1 1]
b = [2; 1; 5]
